Canada,0.0231903287869,0.0223096950249,0.0226558873006,0.0234775143134,0.0243951908708,0.0234357555148,0.0261616165714,0.0280275446011,0.0279307888133,0.0292830329915,0.0301293021909,0.0327683258967,0.0336405443277,0.0338213653567,0.0377856813683,0.0466094721809,0.049904479601,0.048516909941,0.04173314849,0.0430062975747,0.0433579165107,0.0475517535844,0.0485419431673,0.0450576906804,0.0454859394992,0.0438326007514,0.0431400709815,0.0432371366564
Bahamas,0.0587478346191,0.0,0.0,0.0,0.0,0.0,0.0,0.0,0.0,0.0,0.0,0.0,0.0,0.0,5.56462558857,3.35433754017,0.0,0.0,0.0,0.5245848332,0.621992921024,2.38819003954,0.0518367443121,0.064215080303,0.0,0.0,0.0521759229006,0.0476681358858
Cuba,0.0173371119568,0.00275896567463,0.0,0.0,0.0,0.0,0.0,0.0,0.0,0.0,0.0,0.0,0.0,0.0171280222186,0.0157947284816,0.0172306404645,0.0170842735485,0.0187685172207,0.0195901181045,0.0,0.0,0.0,0.0,0.0,0.0,0.0,0.0,0.0
Haiti,0.0,0.0,0.0,0.0,0.0,0.0,0.0,0.0,0.0,0.0,0.0,0.0,0.0,0.0,0.0,0.0,0.0,0.0,0.0,0.0,0.0,0.0,0.0,0.0,0.0,0.0,0.0,0.0
Dominican Republic,0.0,0.0,0.0,0.0,0.0,0.0,0.0,0.0,0.0,0.0,0.0,0.0,0.0,0.0,0.0,0.0,0.0,0.0,0.0,0.0,0.0,0.0,0.0,0.0,0.0,0.0,0.0,0.0
Jamaica,0.0195099351457,0.0,0.0214281659568,0.0,0.0,0.0,0.0,0.0,0.0,0.0,0.0,0.0,0.0,0.0,0.0,0.0278674593758,0.0,0.0,0.0304250753616,0.0285714634141,0.0,0.0298964645818,0.0254033604001,0.0251984980076,0.0263867692225,0.0,0.0256046128737,0.0280821391826
Trinidad and Tobago,0.0504410438153,0.0600977511304,0.0404583563837,0.0689060676513,0.0309443603458,0.0332149524166,0.0345292161961,0.0298397481502,0.0262260209028,0.0358143879334,0.0339735530891,0.040811169629,0.0381191976706,0.0335057960406,0.0413886954287,0.0388649118176,0.0352306171324,0.0393778413687,0.0461990116016,0.0412402993714,0.0400540982671,0.0435555255269,0.0,0.0413509266909,0.0372274152845,0.0,0.0,0.0
Barbados,0.193170711491,0.045171640842,0.104742786766,0.0460963286255,0.0441175750243,0.050064646966,0.0520342411093,0.0489229010158,0.0595109116927,0.0545072932444,0.0557864774318,0.0579640681757,0.042336139874,0.0495386107886,0.0,0.066344660277,0.0626555876391,0.0684125990751,0.0499229221218,0.0763308091642,0.0752636361318,0.0787955722998,0.0766623179559,0.0726702632627,0.0714111302367,0.0725031623699,0.0675885501061,0.0702437635149
Dominica,0.0,0.0,0.0,0.0,0.0,0.0,0.0,0.0,0.0,0.0315182713022,0.0,0.0369535934781,0.0,0.0,0.0419499759502,0.0420138635078,0.0349805963354,0.0377497316393,0.0386072344958,0.0339688622271,0.0400903488176,0.0391001093446,0.0404874080321,0.0,0.0,0.0,0.0230553962456,0.0
Belize,0.0185732505747,0.0,0.0,0.0,0.0,0.0,0.0225404824429,0.0199648135114,0.0203151005727,0.0201857505713,0.021178233198,0.0183636254077,0.0,0.0,0.022995476268,0.0,0.0,0.0568723363971,0.0,0.0215380929683,0.0188407299444,0.021094205433,0.0216226802454,0.0,0.0227220384362,0.018897811877,0.0195532709656,0.0197942166659
Mexico,0.00569975408136,0.00767194833351,0.0,0.0120831318826,0.0143804345721,0.0124542987298,0.0199113531294,0.0133126912198,0.015987858138,0.0115859189833,0.0,0.0143749272441,0.0187464896652,0.0209340107524,0.0217878275089,0.0236684238906,0.0238735252629,0.0231097350466,0.0223291634447,0.0230118025746,0.0253207453885,0.0242288954462,0.0226172679251,0.021224707719,0.525447514791,0.628880685268,0.0237702669573,0.020849209594
Guatemala,0.00258590505592,0.00345246914764,0.00321756095257,0.0,0.00379203181269,0.00523511023419,0.0,0.00526242860673,0.00677766713962,0.00640124834295,0.0076384966545,0.00755259751444,0.00684828220946,0.00950667262009,0.00888129169975,0.0118184112391,0.0133090530441,0.0128851011302,0.0129174179261,0.0147239196624,0.0140792607626,0.0153416550171,0.014068865853,0.0135305959962,0.0146871150977,0.0152839793205,0.0149496620117,0.0148947679222
Honduras,0.00391100749008,0.00356865202743,0.00395039936682,0.00386845691773,0.0,0.00553196456566,0.00241053974315,0.0052904129764,0.00641541187533,0.0062695701618,0.00557904053561,0.0090551998036,0.00517546993211,0.0104695981683,0.00629971456115,0.0128069888203,0.0118869783833,0.0126794529129,0.0139795677381,0.0167852121996,0.0168489325031,0.0158486922596,0.014179955427,0.0169839022869,0.0,0.0,0.0161168099451,0.0
Nicaragua,0.0,0.0,0.0,0.0,0.0,0.00576222246498,0.00764770753708,0.00577661017455,0.00563845909043,0.00603401806685,0.00635918448682,0.00582497204031,0.00518316382563,0.00740700380004,0.00746260097689,0.00740054452691,0.00799579510414,0.00790354752272,0.00710032587717,0.00774546816272,0.00885977546227,0.0126034035965,0.0124430279046,0.0118802178311,0.0130903812438,0.0141175302621,0.0135066660275,0.013763395837
Costa Rica,0.00583404796017,0.00848591462207,0.00895350816424,0.0136016185388,0.0131420768384,0.0133905025783,0.011228489476,0.0118522543556,0.0213965106807,0.0200008860236,0.0230523570869,0.023157896814,0.0252221127686,0.0240430421611,0.0262729466984,0.0254911037728,0.028174021228,0.0286274847891,0.0291691925232,0.0226346362356,0.0333787719157,0.0359081558562,0.0344932708691,0.0345652305647,0.0307319945716,0.0354007870472,0.0379569069213,0.0363490246298
Panama,0.00784406503605,0.00566156665585,0.00498105432168,0.00640288302664,0.00901268122355,0.00750509665596,0.0113852838722,0.00983855181903,0.0135451787226,0.0,0.0150637331332,0.013666922951,0.0192622460779,0.0186723681858,0.019351990861,0.0176379048879,0.0195491802016,0.0203972361904,0.0194723300964,0.0213571219988,0.0201436546522,0.0242150028526,0.0261625054123,0.0235944841458,0.0,0.028389828026,0.0281763886903,0.0280648988496
Colombia,0.00311189222001,0.00213622415823,0.00363601987772,0.00259191591717,0.0030365419087,0.00275742656367,0.00518442640513,0.00564145568075,0.00636025443155,0.00723888484065,0.0101765170168,0.0100678511714,0.0110577761135,0.00973638219648,0.0104198636078,0.0107008695906,0.0111496211231,0.0107644675157,0.101082059155,0.0161656639262,0.0138584283414,0.0143955361275,0.0142938954116,0.0140653081152,0.0151206340955,0.0146234243323,0.0164881872746,0.0162649673816
Guyana,0.0,0.0,0.0,0.0,0.0,0.0,0.0,0.0,0.0,0.0,0.0,0.00959446580375,0.0140269775678,0.0115607385753,0.0119199801145,0.0169076670207,0.01623555943,0.0143661413396,0.0115423752146,0.0161421694471,0.0156962467015,0.01739142286,0.0212040956355,0.0,0.0219541036102,0.0229301046843,0.0286948535538,0.0244727253188
Suriname,0.0,0.0,0.0137660875972,0.0161852119147,0.0170371594965,0.0164027725645,0.0,0.0,0.0,0.0,0.0,0.0,0.0,0.0,0.0,0.0,0.0,0.0,0.0,0.0,0.0,0.0,0.0,0.0,0.0315426559171,0.0315609206093,0.0,0.0
Ecuador,0.0,0.00419299255819,0.00543114358582,0.00471415737641,0.00413788867712,0.00483842858918,0.00221686485165,0.0,0.00421354802731,0.00443657629014,0.00478702749195,0.00694707721999,0.0110818712192,0.0072079423384,0.0063638697942,0.00738511128679,0.00916765786368,0.00907586330202,0.0103162244522,0.0112429389001,0.0120040791767,0.0128819534563,0.0117820788679,0.0116609058338,0.0139048997937,0.0142552258902,0.0124859922949,0.0114670485699
Peru,0.00889223451076,0.00874672759389,0.00835890262552,0.00463435192711,0.006829594301,0.00690520156028,0.00560345820238,0.00898329968674,0.0111562551514,0.0111424053321,0.0109436010044,0.00991792050341,0.0139997597577,0.0122308270356,0.0106456914697,0.0112404601537,0.0115859144145,0.010947685671,0.012191524886,0.0138593003596,0.0142907322117,0.015031872782,0.0145223548245,0.0145556405184,0.0171492787936,0.0172293925436,0.0177254748481,0.0176782780842
Brazil,0.0048292848399,0.00309052207325,0.00140385875256,0.0,0.0027040757852,0.00464084332994,0.00419949936691,0.00530364848425,0.00674887656358,0.00708939343298,0.00727661851146,0.00611921469074,0.00708942206072,0.00602386882033,0.00683914200485,0.00567742698503,0.00533140446251,0.00573117374127,0.00418425134463,0.00427220428253,0.00509069194622,0.00538195086145,0.00501153449736,0.00494676760857,0.00525876304983,0.00510933096603,0.00553845662532,0.00582105621177
Paraguay,0.00187372482507,0.00103011796475,0.0,0.00114248384552,0.00145014485412,0.00254457417118,0.00303029218956,0.0,0.0070438340205,0.0,0.00895993384166,0.302367947993,0.040517935396,0.0,0.00810250003309,0.00560997256295,0.00394080522708,0.0,0.00491501145618,0.00639148501403,0.00577655562809,0.00675746996213,0.00749650513317,0.00708165306087,0.00735248321775,0.00804800188725,0.00742102658467,0.00802267113776
Chile,0.00306820659147,0.00348601940875,0.00415983484418,0.00234680247916,0.00386387996723,0.00653376894455,0.00928371371456,0.00929858305866,0.0114438984149,0.012601113972,0.0138412127951,0.0151590473385,0.0161510172344,0.019981314297,0.0198919491063,0.0147894069972,0.0190555136642,0.0201981505489,0.0191727930765,0.0207867013703,0.0288263586562,0.0491113721888,0.0306576258408,0.0292845170742,0.0308382239348,0.0420021253555,0.225232793865,0.0283035280762
Argentina,0.00112059639589,0.000902840708883,0.000702093120054,0.0,0.000654808530705,0.00131757535866,0.00280001865774,0.00247537606723,0.00324573389585,0.00260782615913,0.00243925936436,0.00505336924838,0.00371209761998,0.00331106026892,0.00334488056987,0.00327951367517,0.00182541074216,0.00251852365989,0.00293812513485,0.00317340013155,0.00319764230318,0.0067555728984,0.00800098345183,0.00392856640729,0.00238813559227,0.0021371108827,0.00188763250008,0.0019886060852
Uruguay,0.0073709794527,0.00825831015771,0.00471159889188,0.0132899027958,0.00467374825605,0.00636301779315,0.0146018358776,0.0106844473221,0.0170700318266,0.011302100809,0.0144454927458,0.01326883898,0.0146015175222,0.0134465015897,0.0226549753289,0.0137564482254,0.0197240660328,0.0193677908778,0.015527332932,0.0166783514839,0.0199040834057,0.0175762175141,0.0226550142392,0.0222392047207,0.0211681276828,0.0218447428722,0.0259591108788,0.032332971048
Ireland,0.0618350190743,0.0688756113571,0.0708582433939,0.0780375067771,0.0794124269172,0.0887008385627,0.093335141433,0.088231074206,0.100064955663,0.095945028378,0.0769417829903,0.086228854681,0.102191279283,0.110510989388,0.0876674450001,0.0914499358532,0.107562990121,0.107463261654,0.0998634256439,0.102570069949,0.113870704629,0.114798574808,0.104530353123,0.113147786372,0.1209037808,0.114082373168,0.131910046905,0.141061037394
Netherlands,0.140779586494,0.161611193827,0.179329880614,0.152514089263,0.178004941632,0.221155058371,0.242889698359,0.20589061016,0.251857426403,0.23531300862,0.220272268046,0.193984438628,0.192900268854,0.246011501473,0.207597227603,0.247395981955,0.224258642102,0.23970071862,0.252915802943,0.258765938463,0.246988221449,0.259443175727,0.268250770482,0.268638484766,0.278331670279,0.283746017914,0.287690679027,0.288592745937
Belgium,0,0,0,0,0,0,0,0,0,0,0,0,0,0,0.270410429669,0.269063462641,0.325028229329,0.276532426236,0.248409051145,0.254157176625,0.267751214693,0.303346736251,0.299403111491,0.25968653662,0.280848556055,0.278589187291,0.282258673706,0.288367311215
Luxembourg,0,0,0,0,0,0,0,0,0,0,0,0,0,0,0.131564488723,0.156099368902,0.137118847352,0.15557610936,0.151923555669,0.142193116493,0.139929419818,0.140374834822,0.142253112024,0.135495653542,0.148689760937,0.168377481513,0.176921318992,0.17256500533
France,0.0282074328977,0.0314680943703,0.0321313623839,0.0319006918325,0.0339069354302,0.0395214873492,0.0378582729588,0.0391776000106,0.041632451888,0.0405533459633,0.0379978871864,0.0386646284353,0.041308242721,0.0443148602215,0.0426153715302,0.0384406944124,0.0395212699014,0.0395204792502,0.0442531030067,0.0407376072618,0.0437424131333,0.0442171037543,0.0466475495998,0.0464373830799,0.0498677313417,0.0459870249136,0.0507654770816,0.0521977156243
Liechtenstein,0.0,0.0,0.0,0.0,0.0,0.0,0.0,0.0,0.0,0.0,0.0,0.0,0.0,0.0,0.0,0.0,0.0,0.0,0.0,0.0,0.0,0.0,0.0,0.0,0.0,0.0,0.0,0.0
Switzerland,0.0366216177079,0.0377181490897,0.0357448793234,0.0331014508498,0.0299248580998,0.0366340077046,0.0363783784812,0.0359869138245,0.0365535581992,0.0377501623503,0.0373449098703,0.0374839316574,0.0377976254845,0.0438944909817,0.0449626509957,0.0423454550033,0.0444934475725,0.0474552314613,0.0460899734216,0.0445738930254,0.0485601467854,0.0515002031746,0.0521874005553,0.049432282167,0.0507556310114,0.0558813715626,0.0519894867631,0.0556274499458
Spain,0.0225374616046,0.0259056553969,0.0259707503811,0.0270180612559,0.0317193726442,0.0381478806637,0.035719194274,0.0414795988312,0.0432898816947,0.0507667631753,0.0452165011115,0.0432723453447,0.0478566633089,0.0511683357878,0.049917092893,0.0503021385943,0.0610632441986,0.0556279399232,0.0562511466733,0.0679962192441,0.0615455427843,0.0640557329372,0.0602773482058,0.0594974935815,0.054134202988,0.0554123094129,0.0591372294538,0.0558759122207
Andorra,0.0,0.0,0.0,0.0,0.0,0.0,0.0,0.0,0.0,0.0,0.0,0.0,0.0,0.0,0.0,0.0,0.0,0.0,0.0,0.0,0.0,0.0,0.0,0.0,0.0,0.0,0.0,0.0
Portugal,0.0388838506775,0.0401508620395,0.0462147063223,0.0448872932158,0.0512023895212,0.0513682695597,0.0549416606963,0.0548427749231,0.0597126331448,0.0578509112857,0.0613725968953,0.0627426579835,0.0729871709776,0.0748069343303,0.0719294216204,0.0787306954836,0.0776785853409,0.074148129219,0.0744892220698,0.0760724183498,0.0753269928687,0.0815313612898,0.0813747163199,0.080895119566,0.0844702768346,0.0850432080827,0.0885357818934,0.0902100984905
Poland,0.00784999704142,0.00760835551814,0.0,0.0,0.0,0.0,0.00739197957858,0.0127210922889,0.00798092541338,0.0117072731014,0.0165223331022,0.0,0.0,0.0,0.0134530449032,0.0,0.0115128848062,0.0113733233496,0.0136336324009,0.0155252549665,0.017968522022,0.0227931654935,0.024728421617,0.0257208407737,0.0270438865727,0.0331775252189,0.0359968866322,0.0364604190135
Austria,0.0155404826511,0.0183226974197,0.0179846802199,0.019294945161,0.0203367160424,0.0270760838142,0.0277331633634,0.0278567492289,0.0294266461989,0.0321117513497,0.0359762896476,0.0392110753527,0.0386856138786,0.0442969250093,0.048498060385,0.0524805742783,0.0569589785219,0.0587923611496,0.0608195441751,0.0683526383246,0.0742973176566,0.0770632850811,0.0797006035356,0.0773735502804,0.0830867091583,0.0855424582415,0.0836171585093,0.0882713824342
Hungary,0.0102300519726,0.0076628085854,0.00616247991483,0.0,0.0,0.0134775318162,0.00842727635299,0.0119522989395,0.0142166523712,0.011803676022,0.0104061047537,0.013592648478,0.0150463196901,0.0135601461031,0.0163508709794,0.0170754307578,0.0178822242647,0.0202714423237,0.0215725769743,0.0254077831867,0.0302876381226,0.030614378296,0.0303071630228,0.029811898917,0.0402883798254,0.0399272257348,0.0401808498637,0.0396241976309
Slovakia,0,0,0,0,0,0,0,0.0,0.0165927686562,0.0,0.0,0.0163626754632,0.0310017708691,0.0648531759778,0.020903135695,0.0240116022129,0.0210511509045,0.022428256094,0.024078898078,0.0314403155898,0.0368617124427,0.0380861505335,0.0444615155218,0.0414149424021,0.0494690182047,0.0542790856197,0.0537296017412,0.0541080170802
Italy,0.03183713025,0.0339008985159,0.032407966923,0.0372413219944,0.0357407027707,0.0388000178798,0.041513620068,0.0380382286449,0.0384998374216,0.0379679488722,0.0415132283854,0.0412825770052,0.0434995637011,0.0425590531795,0.0442682982134,0.045026978692,0.0474854152433,0.0481859487625,0.0496971588422,0.046891705006,0.0487637446008,0.0485673341114,0.0466040966083,0.0489005951568,0.0531343645972,0.0545813321778,0.0507287792951,0.0525302754822
Malta,0.0,0.0437349436514,0.0683039570518,0.0,0.0538060845131,0.057318137977,0.0562203980717,0.0566636567124,0.0,0.0,0.0,0.0,0.0713157353151,0.0763479101908,0.0772885456223,0.0735033190772,0.0765773874641,0.0782735398219,0.0751801593491,0.0778838299256,0.0800520004904,0.093138688319,0.078733666984,0.0798300090194,0.0717960100942,0.0786123081558,0.0869717068054,0.0810291260956
Albania,0.0,0.0,0.0,0.0,0.0,0.0,0.0,0.0,0.0,0.0,0.0245178515921,0.0114446867834,0.0,0.018313781795,0.0197725086943,0.020880666059,0.0239002717422,0.0236829368957,0.0258017232971,0.026095255105,0.0307791347302,0.0290432984238,0.0385764518035,0.027387248358,0.0248315474056,0.0285087016817,0.0250978855659,0.0283951378477
Serbia,0,0,0,0,0,0,0,0,0,0,0,0,0,0,0,0,0,0,0,0,0.00724740152452,0.00731794100085,0.00789020929003,0.00665750936985,0.00695459816141,0.00814660158514,0.00909965579673,0.0103806232224
Montenegro,0,0,0,0,0,0,0,0,0,0,0,0,0,0,0,0,0,0,0,0,0.0533771517036,0.0617649921359,0.0730637783542,0.0756408122856,0.0688665303822,0.075547281058,0.0738117407337,0.0756143772794
Croatia,0,0,0,0,0,0,0.0178384673621,0.0129097123654,0.0154760364024,0.0222085885591,0.0200058383712,0.0220952956453,0.0112807087586,0.0151901919996,0.0218089321265,0.0290350278949,0.0299697368123,0.0328953643411,0.0359099217011,0.040000007008,0.0493248267816,0.0476355010008,0.05052911789,0.044810581177,0.04861149169,0.0515261736679,0.0481070253272,0.0473662807536
Greece,0.0151428202819,0.0184295674948,0.0140832831227,0.0147174014862,0.0168989958071,0.0224906191037,0.0206593451397,0.0227795836071,0.0248226128992,0.0283789666705,0.0290935570844,0.0293565055152,0.0303851982051,0.0340461011022,0.0356335162106,0.0393015621263,0.0430427349217,0.0440632957111,0.0471408874604,0.044829957208,0.0485749011958,0.0483302021077,0.0438042079123,0.0402095308535,0.0415696420327,0.0406732454029,0.0364125284468,0.0388697301965
Cyprus,0.0651605130517,0.0588104247528,0.0,0.0644668125618,0.0701336549746,0.0,0.0,0.0658158817926,0.0749757438846,0.0732928067819,0.0783181201403,0.0845853856653,0.0829431314922,0.0786884062377,0.0879467026237,0.0835198283366,0.0786949369276,0.0789559039869,0.0709360784893,0.0766092029145,0.0810550427735,0.0795812687624,0.0917473929603,0.0841379692673,0.0805239578833,0.0798931221109,0.0709438564261,0.0687541398647
Bulgaria,0.0155969554411,0.0192658608869,0.0175191840447,0.0,0.0,0.0,0.00520367145805,0.0,0.0,0.0,0.0,0.0,0.0,0.0,0.0,0.0109691402988,0.0127256604162,0.0133471058332,0.01827504699,0.0170827950472,0.0203035697933,0.0255782800127,0.0267239678283,0.0232184642309,0.0253705012197,0.0312698620546,0.0243903696104,0.0245636996492
Romania,0.0,0.0,0.0,0.00236479331026,0.0112186585525,0.0104258251193,0.0101624848328,0.0132115304015,0.00580180012225,0.00537525447055,0.00539300592671,0.0,0.00606511526011,0.00479812262644,0.00786218800246,0.0111665299765,0.00923057775349,0.0171033869609,0.014927889704,0.0123468532613,0.0139466578293,0.019540308329,0.0227014795727,0.0255940171059,0.0249107248159,0.0250695961898,0.0276597393039,0.0280579069332
Russian Federation,0,0,0,0,0,0,0.0,0.0,0.0,0.0,0.0,0.0,0.00910957209293,0.00924744219061,0.0104291016553,0.0103549930696,0.0102065443554,0.0114210118587,0.0116599110238,0.0121787770628,0.0129560348807,0.0135377355127,0.0139249572805,0.0118860265537,0.0132799298069,0.0142012437552,0.0129276281067,0.0136963231073
Estonia,0,0,0,0,0,0,0.0,0.0,0.0,0.0,0.0,0.0,0.0542065042392,0.0425647808293,0.0476321201546,0.0454011845791,0.0535849428573,0.05451584775,0.0489563964,0.0372925811211,0.0411039006388,0.0489121335291,0.0502940183983,0.0482155033514,0.0512994234795,0.0584325751631,0.0561041580498,0.0616075978613
Latvia,0,0,0,0,0,0,0.0,0.0,0.0110708394289,0.011173397714,0.0,0.0185246223605,0.0,0.0,0.0205557293705,0.0215965892963,0.0261148593936,0.0258764330444,0.0284320948163,0.0357663016678,0.0389908677753,0.0445558187193,0.0609833844531,0.0656062641137,0.066872581505,0.0654057966218,0.0807905819002,0.0816446033907
Lithuania,0,0,0,0,0,0,0.00528072482781,0.0,0.00920179279794,0.0,0.0228183192789,0.0174749433947,0.0,0.0155718082317,0.00821571663715,0.0194691801873,0.0234788015935,0.0273996948485,0.0299706202599,0.0319922664153,0.048492984565,0.0506236639448,0.064344439538,0.0510022072576,0.0600987707591,0.0711207820378,0.083379878015,0.0909672508814
Ukraine,0,0,0,0,0,0,0.0,0.0,0.0,0.0,0.0,0.0,0.0,0.0,0.0,0.0,0.00278796091668,0.0107988248866,0.0045937379545,0.00496881591049,0.00521633372902,0.00574666611352,0.00706668327342,0.00586193370297,0.00484981368119,0.00649075781387,0.00646994588732,0.00669679838671
Belarus,0,0,0,0,0,0,0.0,0.0,0.0,0.0,0.0,0.0,0.0161608457927,0.0226111821073,0.0,0.0181759576739,0.0203054151423,0.0166554282451,0.0230884815105,0.0229970826982,0.0245577318073,0.022246902128,0.0235874904258,0.0195896941615,0.0231007009032,0.0241187138238,0.0297532826747,0.0283713941826
Armenia,0,0,0,0,0,0,0.0,0.0,0.0,0.0,0.0,0.0,0.0,0.0121486352552,0.0160996091111,0.0141244870424,0.0147707839938,0.0,0.0185432076907,0.0178965908305,0.0175044460448,0.0252558325316,0.0226379224659,0.021668940329,0.0233192638544,0.0246587832311,0.0263527334496,0.0237103355586
Georgia,0,0,0,0,0,0,0.0,0.0,0.0,0.0,0.0,0.0,0.0,0.0,0.0093936997837,0.0,0.00843809375265,0.012335342141,0.0188968049459,0.0203704490231,0.0249397609312,0.0274293320257,0.0265263757798,0.0234918309721,0.0243090013727,0.0268991389507,0.0321136943849,0.0295718462565
Azerbaijan,0,0,0,0,0,0,0.0,0.0,0.0,0.0,0.0,0.0,0.0,0.00958107048733,0.0,0.00949423325706,0.010943042384,0.0131451422779,0.0162827580316,0.0144617580314,0.0165059511041,0.0225496515132,0.021621118015,0.0179891672593,0.0233271504721,0.0230695396313,0.0231808740337,0.0243355964172
Finland,0.0173556860374,0.0232639495028,0.022757240213,0.020731634628,0.0148577628209,0.0155497674371,0.0183798783958,0.0192620090839,0.0231508496535,0.0206333886699,0.0247354192778,0.0250007286272,0.0292391354995,0.0304339705164,0.029091839506,0.0265193434836,0.0277593125745,0.0292771201134,0.0316833925598,0.032248809848,0.0327545736477,0.0333344202871,0.0357278274759,0.0369854510345,0.0361335097242,0.0388347308489,0.0417750534986,0.0419795384713
Sweden,0.0187539048967,0.0212256256546,0.0223085001309,0.021100462355,0.0212440166093,0.0238476957504,0.0242462880986,0.0271766426934,0.0304573515926,0.0282590457006,0.0299966679584,0.0301982201025,0.0318570061189,0.0341984624694,0.0340243723478,0.0352474742201,0.0359329379151,0.0384329351465,0.0388003903555,0.0390105818388,0.0431648785271,0.0431388165831,0.0457744109905,0.0447802468268,0.0455870656374,0.0500833862886,0.0504936176957,0.0508012530052
Norway,0.0320465245481,0.034510999005,0.0320772308121,0.0353493543305,0.0306901315817,0.0272851989469,0.0321558874476,0.0279696533088,0.0393826776585,0.0341856049705,0.039567309018,0.0357580232691,0.0374843567036,0.040805848945,0.0397357935187,0.0417484334766,0.046154270596,0.048601933938,0.0453390875474,0.0441510216935,0.0499365397861,0.0559331985089,0.0583822675409,0.0520424721765,0.0595245244886,0.0627632640072,0.0679264947659,0.069366170324
Denmark,0.0518095433141,0.0575198666782,0.0582100344964,0.0570015274485,0.0547619628597,0.0783591863663,0.0915941961884,0.0921397645948,0.0872435915758,0.0842670976733,0.0850953821585,0.091039759429,0.094761770092,0.0975728889963,0.107736089565,0.113560557228,0.117688055707,0.122327786491,0.117697439343,0.108945405893,0.114036478059,0.117028992046,0.1281278328,0.108623562731,0.125087250725,0.125761514391,0.118188595526,0.117607680895
Iceland,0.0213173174666,0.0335407389579,0.0299304958385,0.0315462648798,0.0308647409083,0.0399564028425,0.0376753278591,0.0370500567573,0.0781652628411,0.040593023701,0.0401747564726,0.0433228743187,0.0450316587078,0.0454303071872,0.0797579818425,0.0833579926599,0.0806921283999,0.102422683267,0.0942640027883,0.091963743814,0.0798042130479,0.0799379793397,0.0792354777112,0.0581854379206,0.0649695199332,0.0664762107175,0.0539996867083,0.068689918506
Sao Tome and Principe,0.0,0.0,0.0,0.0,0.0,0.0,0.0,0.0,0.0,0.0,0.0,0.0,0.0,0.0,0.0,0.0,0.0,0.0127727369196,0.0,0.0,0.0,0.0,0.0,0.0143994050235,0.0,0.0,0.0156467158766,0.018438742794
Guinea-Bissau,0.0,0.0,0.0,0.0,0.0,0.0,0.0,0.0,0.0,0.0,0.0,0.0,0.0,0.0,0.0,0.0,0.0,0.0,0.0,0.0,0.0,0.0,0.0,0.0,0.0,0.0,0.0,0.0
Equatorial Guinea,0.0,0.0,0.0,0.0,0.0,0.0,0.0,0.0,0.0,0.0,0.0,0.0,0.0,0.0,0.0,0.0,0.0,0.0,0.0,0.0,0.0,0.0,0.0,0.0,0.0,0.0,0.0,0.0
Guinea-Bissau,0.0,0.0,0.0,0.0,0.0,0.0,0.0,0.0,0.0,0.0,0.0,0.0,0.0,0.0,0.0,0.0,0.0,0.0,0.0,0.0,0.0,0.0,0.0,0.0,0.0,0.0,0.0,0.0
Mali,0.0,0.0,0.0,0.0,0.0,0.0,0.0,0.0,0.0,0.0,0.0,0.0,0.0,0.0,0.0,0.0,0.00336535921793,0.00314572315911,0.00211263262914,0.00398010546573,0.00426035626302,0.00313771473577,0.00315166996874,0.0,0.0,0.0,0.00522261241745,0.0
Senegal,0.0,0.0,0.00756173264269,0.00839058890515,0.00993773708962,0.00852878401021,0.00806172663405,0.00794458548577,0.0,0.00861522792614,0.0,0.00807919596971,0.010266706235,0.0103389464042,0.00894939234374,0.0112967286871,0.0121731212837,0.0134972825174,0.0127783616445,0.0139001537504,0.0125904095555,0.0151925709633,0.0145462436153,0.0129066590077,0.0119206512675,0.0122995909244,0.014902740253,0.014735575297
Benin,0.0,0.0,0.0,0.0,0.0,0.0,0.00684826103303,0.00600039867611,0.00536379381711,0.00419941301261,0.00318855933531,0.00279516075535,0.00340139844051,0.00362648187187,0.0026361842538,0.00294835245416,0.0041169082675,0.0,0.0043099047517,0.00599519475118,0.0,0.00963984330363,0.0112340538406,0.0106481084783,0.010209762076,0.0,0.00982470072704,0.0165192712781
Mauritania,0.0,0.0,0.0,0.0,0.0,0.0,0.0,0.0,0.0,0.0,0.0,0.0,0.0,0.0,0.0,0.0,0.0,0.0,0.0,0.0175973948344,0.0,0.0186930187786,0.0197005305444,0.0,0.022202364958,0.0214614557621,0.0280679064667,0.0231275389234
Niger,0.0,0.0,0.0,0.0,0.0,0.0,0.0,0.0,0.0,0.0,0.0,0.0,0.0,0.0,0.00248810605568,0.0030029787688,0.0031257842161,0.00287381640729,0.00305723044688,0.00345355333748,0.0028737384134,0.00251080465745,0.00258770246619,0.0,0.0028948029237,0.00225362974855,0.00386330410143,0.00374942759127
Côte d'Ivoire,0.0,0.0,0.0,0.0,0.0,0.0,0.0,0.0,0.0,0.0,0.0,0.0,0.0,0.0,0.0,0.0,0.0,0.0,0.0,0.0,0.0,0.0,0.0,0.0,0.0,0.0,0.0,0.0
Guinea,0.0,0.0,0.0,0.0,0.0,0.0,0.0,0.0,0.0,0.00578095822373,0.00328544767846,0.00392694012422,0.00336974072607,0.00439730483256,0.00401561434868,0.0045092947013,0.00532298305417,0.00568674830283,0.0,0.0,0.0,0.0,0.00425146092716,0.0,0.0,0.0,0.0,0.0
Burkina Faso,0.0,0.0,0.0,0.0,0.0,0.0,0.0,0.0,0.00265600717631,0.00237388513419,0.00311755568113,0.00305619906457,0.0,0.00346296596682,0.00288217768078,0.00263507425417,0.00255927484315,0.00214276429,0.00187148503743,0.0,0.0,0.0,0.0,0.00285648193917,0.0027652267884,0.00335791510972,0.00429072871301,0.00453428725245
Liberia,0.0,0.0,0.0,0.0,0.0,0.0,0.0,0.0,0.0,0.0,0.0,0.0,0.0,0.0,0.0,0.0,0.0,0.0,0.0,0.0,0.0,0.0,0.0,0.0,0.0,0.0,0.0,0.0
Sierra Leone,0.0,0.0,0.0,0.0,0.0,0.0,0.0,0.0,0.0,0.0,0.0,0.0,0.0,0.0,0.0,0.0,0.00608632523599,0.0,0.0,0.0,0.0,0.0,0.0,0.0,0.0,0.0,0.0,0.0
Ghana,0.0,0.0,0.0,0.0,0.0,0.0,0.0,0.0,0.0,0.0,0.0,0.0,0.00221042167589,0.00230363379076,0.0030105465805,0.00390319833481,0.00486943868906,0.00613805983554,0.0,0.00640780586041,0.0,0.00600274256842,0.00556292572604,0.00592441403566,0.00566705040345,0.00714349481921,0.00645824809067,0.00728060840921
Togo,0.0,0.0,0.0,0.0,0.0,0.0,0.0,0.0,0.00184984427514,0.00262172603201,0.00303610475727,0.00303318988082,0.00273694694786,0.00310284833603,0.00255813827268,0.00433789568109,0.00562393418065,0.0027925261517,0.00434939964124,0.00477412165344,0.0,0.00409319554515,0.00358308036308,0.00354017032184,0.00376124269223,0.00483947756667,0.00563969091137,0.006173106706
Cameroon,0.00321103581163,0.00311858733049,0.00321031841014,0.00357729659922,0.00267716680068,0.0019525505462,0.0,0.00230759895734,0.00282631367128,0.00199964670969,0.000969804893665,0.00257155806052,0.0026667335056,0.00308700530638,0.00205539238086,0.00384167526881,0.00438046222595,0.00341938223159,0.00396787665028,0.00459907987611,0.00482513775172,0.00437037458515,0.00485835427701,0.00497623926376,0.00454256359832,0.00520980884308,0.00581765956665,0.0
Nigeria,0.030166785869,0.0,0.0,0.0,0.0,0.0,0.0,0.0,0.0,0.0,0.0,0.0,0.0,0.0,0.00206376193049,0.0,0.00213872432322,0.0,0.0,0.0,0.0,0.00620391798414,0.00130283582247,0.0,2.18669058182e-05,0.0,0.0,0.0
Gabon,0.0,0.0,0.0,0.0,0.0,0.0,0.0,0.0133520547252,0.0121170078552,0.0,0.0,0.0142957922126,0.0179125443831,0.0171663973945,0.0155318423658,0.0178878181847,0.00991501190149,0.00829723522372,0.0157280758132,0.0188109898826,0.0176783886052,0.0,0.0,0.0,0.0,0.0,0.0,0.0
Central African Republic,0.0,0.0,0.0,0.0,0.0,0.0,0.0,0.000874426755762,0.000904476955946,0.00102827886773,0.000386975347261,0.000548922389258,0.000849413177912,0.000791968836933,0.000995470956235,0.000721840876101,0.000748086311312,0.000940562456283,0.000936469279501,0.0012260294138,0.0,0.000954714525377,0.00113911494045,0.00129574297469,0.00125717038331,0.00136453613213,0.00145236888451,0.00100698824048
Chad,0.0,0.0,0.0,0.0,0.0,0.0,0.0,0.0,0.0,0.0,0.0,0.0,0.0,0.0,0.0,0.0,0.0,0.0,0.0,0.0,0.0,0.0,0.0,0.0,0.0,0.0,0.0,0.0
Congo,0.0,0.0,0.0,0.0,0.0,0.0,0.0,0.00457336787923,0.00396613825265,0.0,0.0,0.0,0.0,0.0,0.0,0.0,0.0,0.0,0.0,0.0042718123417,0.0,0.0,0.00391430712487,0.00691425890959,0.00617319397333,0.0,0.00608440989158,0.00786829250227
Uganda,0.0,0.0,0.0,0.0,0.0,0.0,0.0,0.0,0.000913155165706,0.00119233600084,0.00102864271288,0.00163127277193,0.00161874993482,0.00108972389861,0.00117323963069,0.000542168373226,0.00120771681227,0.00146083751841,0.00198602900775,0.00211653975255,0.00228598240151,0.0023878474727,0.00232501563813,0.00256158479958,0.00238657071384,0.00250844171067,0.00302596582095,0.00265811826493
Kenya,0.00180624398955,0.00174946823345,0.000987978048706,0.0,0.00207056934074,0.00187835147906,0.00333939008294,0.00258790630135,0.0,0.0,0.00256037889692,0.00538119362103,0.00385127216096,0.00297691017794,0.00423728975175,0.00462494060789,0.00314214255538,0.00335503720491,0.00314355315563,0.126141631551,0.0963403420847,0.0924850924953,0.00441516040897,0.0720214179745,0.00550141973337,0.0,0.0,0.0611278285556
Burundi,0.0,0.0,0.0,0.0,0.0,0.0,0.0,0.0,0.0,0.0,0.0,0.0,0.000552941649248,0.000335325328725,0.000521693234447,0.000379033990299,0.00030541428537,0.000532081913391,0.0,0.000348949131932,0.000516483033777,0.0,0.000437775345127,0.000557237054325,0.000797127188589,0.0,0.00174205852818,0.00139359681652
Rwanda,0.0,0.0,0.0,0.0,0.0,0.0,0.0,0.0,0.0,0.0,0.000629910842837,0.000839587552802,0.0011626526556,0.000780782561988,0.0,0.000886844611656,0.000621515811469,0.000573665476815,0.0,0.000781831847854,0.00131084905244,0.00153328579681,0.00108372407621,0.00218280010311,0.00315908374197,0.0029627106439,0.00362601434462,0.00246864959505
Somalia,0.0,0.0,0.0,0.0,0.0,0.0,0.0,0.0,0.0,0.0,0.0,0.0,0.0,0.0,0.0,0.0,0.0,0.0,0.0,0.0,0.0,0.0,0.0,0.0,0.0,0.0,0.0,0.0
Djibouti,0.0131530546268,0.0108600602721,0.0136413368566,0.00917324749217,0.0136445567711,0.012598882013,0.0,0.0,0.0,0.0,0.0,0.0,0.0,0.0,0.0,0.0,0.0,0.0,0.0,0.0,0.0,0.0,0.0,0.0,0.0,0.0,0.0,0.0
Ethiopia,0,0,0,0,0,0,0,0.0,0.0,0.0,0.0,0.0,0.000389598133346,0.000517675121017,0.000255254316052,0.000194147864496,0.000620918512288,0.00223814693658,0.000927461841521,0.00123071358971,0.000833149378426,0.000748263581432,0.00193996785651,0.0017110866894,0.00168268308361,0.00175301360135,0.00158994810561,0.00215483717325
Eritrea,0,0,0,0,0,0,0,0.0,0.0,0.0,0.0,0.0,0.0,0.0,0.0,0.0,0.0,0.0,0.0,0.0,0.0,0.0,0.0,0.0,0.0,0.0,0.0,0.0
Angola,0.0,0.0,0.0,0.0,0.0,0.0,0.0,0.0,0.0,0.0,0.0,0.0,0.0,0.0,0.0,0.0,0.0,0.0,0.0,0.0,0.0,0.0,0.0,0.0,0.0,0.0,0.0,0.0
Mozambique,0.0,0.0,0.0,0.0,0.0,0.0,0.0,0.0,0.0,0.0,0.0,0.0,0.0,0.0,0.0,0.0,0.0,0.0,0.0,0.0,0.0,0.0,0.0,0.0,0.0,0.0,0.0,0.0
Zambia,0.0,0.0,0.0,0.0,0.0,0.0,0.0,0.0,0.0,0.00110804555228,0.0,0.00123696640895,0.0,0.00148590297107,0.00120441005481,0.00173982586543,0.00260532526408,0.00263822998189,0.0014976296538,0.0018791961096,0.00243536426594,0.00119636110734,0.00137357000135,0.00128616280385,0.0011165526491,0.00150890541044,0.0022352771288,0.00163760171115
Zimbabwe,0.00103022609827,0.0,0.0,0.0,0.00141865605762,0.00096801274438,0.0117374398068,0.00399894228202,0.00148822560821,0.00209327555592,0.00470331837023,0.00269604486202,0.00332982955992,0.00155579315532,0.0,0.000964362324915,0.00551054939881,0.0,0.00481389955875,0.00284213513666,0.00822080184082,0.0,0.0049293397833,0.00948150167681,0.00969908328293,0.00948606431093,0.00831210922149,0.00731460769967
Malawi,0.000236742422342,0.000599770673528,0.00104322395903,0.00115293970515,0.0,0.0,0.00386401439778,0.0,0.0,0.0,0.0,0.000599667919519,0.00270124073306,0.0,0.000178157018758,0.000934619943218,0.00334193974057,0.00148036310027,0.0,0.0,0.0,0.00100878434445,0.00199198099553,0.00157824150815,0.0017112716844,0.00136407214317,0.0,0.003864326789
South Africa,0.0,0.0,0.0,0.0,0.0,0.0,0.0128814423911,0.0,0.00519791902784,0.00619196363027,0.00640332528116,0.00652097860887,0.00591705540601,0.00567520439123,0.00699849133376,0.00574420541518,0.00880182020298,0.00789393051794,0.00937189270542,0.154913138967,0.677391873718,0.787012009441,0.752142084813,0.735320974682,1.12909386285,1.44866371568,0.765929865147,0.540614975592
Namibia,0.0,0.0,0.0,0.0,0.0,0.0,0.0,0.0,0.0,0.000798999954651,0.000647760696864,0.0267779861292,0.0299393348268,0.0230795216338,0.0207742409071,0.0217217287361,0.0165650031675,0.0137747801259,0.0,0.0,0.0,0.0,0.0,0.0,0.0,0.0,0.0306565181367,0.0367151499355
Lesotho,0.0,0.0,0.0,0.0,0.0,0.0,0.0,0.0,0.0,0.0,0.0,0.0,0.0,0.0,0.0,0.0,0.0,0.0,0.0,0.0,0.0,0.0,0.0,0.0,0.0,0.0,0.0,0.0
Botswana,0.0,0.0,0.0,0.0,0.0207678902924,0.0216908580098,0.0253175618611,0.0238263184421,0.0243708993481,0.0259260842415,0.0232862984336,0.0,0.0,0.0315010165767,0.0329413007779,0.0270386220303,0.0,0.020965473184,0.0,0.0,0.0,0.0277097581504,0.0283009074473,0.0305813413021,0.0345673627924,0.0286129991945,0.0296555728661,0.0344507769429
Swaziland,0.0,0.0,0.0,0.0,0.0,0.0,0.0,0.0,0.0,0.0,0.0,0.0217627935746,0.0223341147593,0.0,0.0329225636996,0.029395384822,0.0300673300047,0.0356535685801,0.035229608626,0.0332397263241,0.0250426291456,0.0281627171096,0.0,0.0,0.0,0.0,0.0,0.0
Madagascar,0.0,0.0,0.0,0.0,0.000623969231679,0.000712527334749,0.00102872454607,0.0,0.00103803502863,0.00122413872675,0.000728539184073,0.0,0.00115205082899,0.0010489356042,0.00219985937989,0.00162515519688,0.00079770147742,0.00236174121399,0.00194270502032,0.00269548091864,0.00200511578059,0.00225092227822,0.00294845706866,0.00194247305193,0.00183114377061,0.00225309292832,0.00192450896624,0.0028577659867
Comoros,0.0,0.0,0.0,0.0,0.0,0.0,0.0,0.0,0.0,0.00951561236288,0.00707945221668,0.00753681412097,0.00409122572949,0.0041017544241,0.00527431633293,0.00387666481675,0.00536133380801,0.0,0.0,0.0,0.0,0.0,0.0,0.0,0.0,0.0,0.0,0.0
Mauritius,0.0,0.0,0.0,0.0,0.0265855967051,0.0266849044393,0.0272256189391,0.0314479702438,0.032381235703,0.020111997827,0.0351073478786,0.0328291976155,0.0359207322338,0.0375702535691,0.0377316180969,0.0358594415087,0.0384414760828,0.0372170376198,0.0390755199952,0.103209587841,0.0949221176917,0.0985314230426,0.0551801222817,0.102787552615,0.087155535393,0.0962783445088,0.101320848285,0.0440741358128
Morocco,0.00824353555932,0.0100804710047,0.00744829178497,0.00677905944681,0.0,0.00864453456095,0.0127974044457,0.0157470930182,0.0090784421385,0.0162922396183,0.0130847985262,0.012810032653,0.0168335098338,0.0181491492103,0.0209456090675,0.0197007444554,0.0202104810814,0.0151560251461,0.0169699766473,0.0205365011813,0.0169197435208,0.0247865496419,0.0237792885089,0.0202581477209,0.0227673673017,0.0,0.0258241644648,0.0232449671125
Algeria,0.022304033528,0.0170135152625,0.0236970641096,0.0333772694929,0.0214580862753,0.020282286032,0.0204196803843,0.0220478208975,0.0262463370786,0.0,0.0153549377537,0.0199663671325,0.0203346458974,0.0265939367717,0.0256818021685,0.0240420270299,0.0298029983653,0.0248413873856,0.026071789,0.0275465107233,0.0262649008964,0.0265323205573,0.0299089300952,0.0274981709676,0.0,0.0359689067083,0.032592801046,0.0340013221975
Tunisia,0.0,0.0114369423809,0.0271563305603,0.0230506445772,0.0200683554829,0.0142679455031,0.015185337935,0.016225939616,0.0222760382083,0.030836963441,0.0173267479691,0.0241040833491,0.0237422911905,0.0238768017183,0.026013240954,0.0327125909889,0.0403127538666,0.0285557996802,0.0275573151395,0.0299508123472,0.0,0.0353041975553,0.034209201525,0.0263882196758,0.0368237205076,0.0337100425585,0.0344637557197,0.0354388852798
Libya,0.0665442926343,0.0593656454359,0.0681995595623,0.0537221479253,0.0581633207756,0.0619043636794,0.0,0.0,0.0,0.0,0.0,0.0,0.0,0.0,0.0,0.0,0.0,0.0246920573088,0.0378989038628,0.0,0.0,0.0,0.0,0.0,0.0,0.0,0.0,0.0
Sudan,0,0,0,0,0,0,0,0,0,0,0,0,0,0,0,0,0,0,0,0,0,0,0,0,0,0,0.0,0.0
Turkey,0.00409534863138,0.0158879101603,0.0246585179598,0.0063106253593,0.0080129886304,0.00382594732637,0.00402009656625,0.00730421437239,0.00399580910086,0.0081401509575,0.00962864075778,0.0100109123655,0.00876495411645,0.00830963442047,0.00941865955726,0.00520808899983,0.00813991858633,0.0111357643016,0.0100195086563,0.00910698861833,0.00879559074041,0.0131808393278,0.0150828412222,0.0126133331958,0.0140879102086,0.0175146875727,0.0167501480972,0.017767694699
Iraq,0.0,0.0,0.0,0.0,0.0,0.0,0.0,0.0,0.0,0.0,0.0,0.0,0.0,0.0,0.0,0.0,0.0,0.0,0.0,0.0,0.0,0.0,0.0,0.0,0.0,0.0,0.0,0.0
Egypt,0.0127864097566,0.0102808671327,0.0115058323134,0.0101219340569,0.0112926412209,0.00960618470616,0.0115745396043,0.0043085677521,0.0148457699262,0.0133037807389,0.0134410379479,0.0,0.0142781428173,0.0152028808827,0.0161818376846,0.0152843918439,0.0158983421298,0.0123720510961,0.0110561778891,0.0161083187633,0.0142335639624,0.0149738924793,0.0,0.00879214147189,0.0,0.0230877094663,0.0,0.0222240523454
Syrian Arab Republic,0.0115858869501,0.012770383783,0.0111869931303,0.0162216974468,0.0,0.0,0.0203035105206,0.0,0.0,0.0,0.0,0.0,0.00794648384001,0.0120067198457,0.0,0.00811216967305,0.0124020468392,0.0,0.0164050632056,0.0,0.0177095020207,0.0180443508973,0.0221802729383,0.0336127853643,0.027725082649,0.0,0.0,0.0
Lebanon,0.0,0.0,0.0,0.0,0.0,0.0,0.0,0.0,0.0,0.0,0.0,0.0497351944672,0.0447565311696,0.0491239382439,0.0491586322557,0.0617385868839,0.0583377712549,0.0573229026756,0.0518177362514,0.044542933225,0.0396008476094,0.0439057407786,0.0424063755555,0.0545066136741,0.0532104036444,0.0450445722621,0.04343093265,0.0419486617664
Jordan,0.0360625562254,0.0376204243329,0.0356257661945,0.0272637870716,0.0489827294095,0.0613723974075,0.054133845298,0.0561436730727,0.0497070055737,0.0438379619225,0.0322732127696,0.0442050488582,0.0482867436091,0.047439967976,0.048697604465,0.0486846431073,0.0434735568508,0.0489798564754,0.0642471042915,0.0567539639252,0.0535144683884,0.0557253534649,0.0514925957816,0.0424471720383,0.038618420265,0.0376778268639,0.0521402862488,0.0471026888535
Israel,0.0530192250867,0.0556542667706,0.0,0.0555799092489,0.0,0.0,0.0,0.0,0.0,0.0,0.0,0.0,0.0,0.0684979859518,0.0676863123644,0.0683418938326,0.0711969726091,0.235335737647,0.272051117288,0.256350282587,0.0977104279015,0.0976818222055,0.0634342584865,0.0637288144593,0.0660364113912,0.0687348399207,0.0670145770037,0.294882495493
Saudi Arabia,0.0768839846745,0.0855058837705,0.0630919606375,0.0575053696541,0.0,0.0,0.0,0.0,0.0,0.0,0.0,0.0,0.0525657879139,0.0,0.0650359714908,0.0442193543286,0.0569564058647,0.052613290722,0.0492565732693,0.0718179442444,0.0734581771331,0.0737945753419,0.0,0.0627307303242,0.0762733111786,0.0778430677576,0.0756059511756,0.0816969607609
Yemen,0.0,0.0,0.0,0.0,0.0,0.0,0.0,0.0,0.0,0.0,0.0,0.0,0.0158946017421,0.0,0.0,0.0,0.0106399305976,0.0165678269277,0.0173070859126,0.0182915055329,0.0159914252273,0.0252502374666,0.0212200075035,0.0224456791356,0.0,0.0197022646416,0.0253126869253,0.0224344047293
Kuwait,0.161508040571,0.0,0.0,0.0,0.0,0.0459022380798,0.125791110245,0.152321189935,0.186509914926,0.168396524436,0.185762834703,0.164000974412,0.153761804985,0.149729705132,0.143743340805,0.129356826563,0.0,0.0,0.0,0.0,0.0,0.0,0.0,0.0,0.0,0.0,0.0,0.11519496816
Bahrain,0.0,0.0,0.0,0.0,0.0,0.0,0.0,0.0,0.0,0.0,0.0,0.0,0.0,0.0,0.0171189332346,0.115543836861,0.123702973016,0.097565670992,0.087156580297,0.112795283106,0.0687549827579,0.0472479741303,0.0,0.0996132366031,0.110302678491,0.103216925425,0.0896073336895,0.0756612437767
Qatar,0.0,0.0,0.0,0.0,0.0,0.190159352517,0.161634897481,0.0,0.0,0.0,0.0,0.0,0.0,0.0,0.142775856965,0.145775688982,0.140325638034,0.125138072053,0.105882951532,0.132570495886,0.122828242702,0.114231473289,0.128888753455,0.0,0.111323559347,0.0,0.0,0.0711613268577
United Arab Emirates,0.0,0.0,0.0,0.0,0.0,0.0,0.0,0.0,0.0,0.0,0.0,0.0,0.0,0.0,0.0,0.0,0.138846845974,0.154861862365,0.0,0.120179235422,0.0,0.13911677932,0.132365249112,0.0,0.0,0.0,0.0,0.0
Oman,0.0344319281418,0.0364585511593,0.0398222649746,0.0396524213295,0.0468584793217,0.0543288391974,0.054981168566,0.0579954027598,0.0657398290878,0.0889954299564,0.0760061528253,0.0858414747129,0.0,0.0,0.0,0.0992008806837,0.093788590452,0.0867904031549,0.0946924888268,0.0686358766304,0.0993175064924,0.0941056977621,0.127840811369,0.0848487512674,0.0930969647785,0.083659839767,0.0811540046347,0.0819332997818
Afghanistan,0.0,0.0,0.0,0.0,0.0,0.0,0.0,0.0,0.0,0.0,0.0,0.0,0.0,0.0,0.0,0.0,0.0,0.0,0.0,0.0,0.0,0.0,0.0,0.00403835491565,0.00341360006806,0.00325586996472,0.0,0.0
Turkmenistan,0,0,0,0,0,0,0.0,0.0,0.0,0.0,0.0,0.0,0.0,0.0,0.0,0.0,0.0,0.0,0.0,0.0,0.0,0.0,0.0,0.0,0.0,0.0,0.0,0.0
Tajikistan,0,0,0,0,0,0,0.0,0.0,0.0,0.0,0.0,0.0,0.0,0.0,0.0,0.0,0.0,0.0,0.0,0.0,0.0,0.0,0.0,0.0,0.0,0.0,0.0,0.0
Kyrgyzstan,0,0,0,0,0,0,0.0,0.0,0.0,0.0,0.0,0.0,0.0111032666965,0.00523015379413,0.00500427652055,0.00279963817507,0.00497995811718,0.00383517076708,0.00510529277753,0.00751781045783,0.0103366721781,0.0133492202386,0.0260872143689,0.0,0.012652562699,0.0135451235387,0.0157752447683,0.0
Uzbekistan,0,0,0,0,0,0,0.0,0.0,0.0,0.0,0.0,0.0,0.0,0.0,0.0,0.0,0.0,0.0,0.0,0.0,0.0,0.0,0.0,0.0,0.0,0.0,0.0,0.0
Kazakhstan,0,0,0,0,0,0,0.0,0.0,0.0,0.0,0.0,0.0,0.00374876958766,0.00962588216229,0.0048624225219,0.00491542803473,0.00518779846551,0.00658839846531,0.0075956524853,0.008863512957,0.00973692915392,0.0114098973027,0.0121611417408,0.0112968507737,0.0123513565226,0.0144696476927,0.0150181700506,0.0163636505292
Mongolia,0.0,0.0,0.0,0.0,0.0,0.0,0.0,0.0,0.0,0.0,0.0,0.0402427958993,0.00763372394953,0.00496100022937,0.0114675304962,0.0119908176994,0.0154018824479,0.0116199403631,0.01433691634,0.0139604864218,0.014278971713,0.0153131878623,0.0,0.0,0.0,0.0,0.0,0.0
Japan,0.0875746739931,0.0793867262384,0.0332201180175,0.0328770149945,0.0328431209358,0.0338620008393,0.0343893806927,0.0348144952656,0.03648715369,0.0352886190425,0.0348381418597,0.0355016698927,0.0345731247139,0.0355554124996,0.114777401318,0.13350077421,0.121002825059,0.120328548468,0.137143308838,0.149582423795,0.17222210056,0.177543597964,0.17729401751,0.168092996597,0.188247924463,0.180879143668,0.191551861006,0.193398792604
India,0.000347737428311,0.000380281008621,0.000492497663759,0.000192392386296,0.000223022574681,0.00010067203682,0.000223474434626,0.00014700844513,0.00030941702915,0.000217734316715,0.000293346929351,0.000418323227399,0.000582023036722,0.000713075899251,0.000476974957153,0.000598279184462,0.000570895953458,0.000649609458878,0.000664135712042,0.000602374573774,0.00103428390414,0.00080511900181,0.000781285380988,0.00113128077186,0.000710625274653,0.000873500943158,0.00110975334764,0.00119655408058
Bhutan,0.0,0.0,0.0,0.0,0.0,0.0,0.0,0.0,0.0,0.0,0.0,0.0,0.0,0.0,0.0,0.0,0.0,0.0,0.0,0.0,0.0,0.0,0.0,0.0,0.0179150706647,0.0,0.0232361999082,0.0
Pakistan,0.0,0.0,0.0,0.00271599667774,0.00289342742553,0.00206113923917,0.00328337973879,0.002871724095,0.00300808745097,0.00303823384642,0.00260563889433,0.00270619232978,0.0030854828865,0.00372033856683,0.00275456852862,0.00226408249964,0.00211144715216,0.00187321026024,0.00201002403614,0.00317684713265,0.0039048924508,0.00316581234769,0.00368819603213,0.00403745733808,0.00264925260355,0.00274521827716,0.00267255510327,0.00279601994746
Bangladesh,0.00118692443711,0.0,0.0,0.0,0.0,0.0,0.0,0.0,0.0,0.0,0.0,0.0,0.00237178938625,0.0,0.0,0.0,0.0,0.0,0.0,0.0028617380667,0.00415912905499,0.00511569580652,0.0,0.0,0.0,0.0,0.0,0.0
Myanmar,0.0,0.0,0.0,0.0,0.0,0.0,0.0,0.0,0.0,0.0,0.0,0.0,0.0,0.0,0.0,0.0,0.0,0.0,0.0,0.0,0.0,0.0,0.0,0.0,0.0,0.0,0.0,0.0
Sri Lanka,0.00606660249597,0.00491863301197,0.00646033183007,0.00545921000947,0.0057533754862,0.00787553309783,0.00656254488786,0.00370712370826,0.00432865117476,0.0034301498444,0.00625195646069,0.0109639277425,0.0104486654813,0.0106781498502,0.010287525288,0.00907389544801,0.0116449532336,0.0109091192192,0.0114345259912,0.0136349193367,0.0,0.0,0.0148435394178,0.0122198517579,0.010903328457,0.0139518845797,0.0113419403857,0.0160948062768
Nepal,0.0,0.0,0.0,0.0,0.0,0.0,0.0,0.0,0.0,0.0,0.0,0.0,0.0,0.00159960279136,0.0,0.0,0.0,0.00300747721298,0.0,0.0,0.0,0.0,0.0,0.00346738039444,0.00469128319901,0.00566874979399,0.00669718127321,0.00664331756892
Maldives,0.0,0.0,0.0,0.0,0.0,0.0,0.0,0.0,0.0,0.0,0.0,0.0,0.0,0.0,0.0,0.0288797475048,0.0287149665028,0.0289141382258,0.142108962297,0.11082372037,0.229387483482,0.360078533268,0.0366928916479,0.0,0.0346228465947,0.305801121461,0.0355581647546,0.0369538678241
Thailand,0.00125809508219,0.00172642791794,0.00188052336524,0.00190379701646,0.00241377102728,0.00307583292524,0.00439036589165,0.00362121560956,0.0042555090647,0.00455743048188,0.0125303553044,0.0150335082099,0.0155971648004,0.0113641771164,0.00947656653715,0.0113425352476,0.0207729797005,0.016432193137,0.0160009941262,0.0503400456511,0.0260487907696,0.0301371250944,0.0181324523111,0.0272126356465,0.0282412329287,0.0250211946288,0.0375231703354,0.0145026021493
Cambodia,0.0,0.0,0.0,0.0,0.0,0.0,0.0,0.0,0.0,0.0,0.0,0.0,0.0,0.0,0.00159244604184,0.00194742543145,0.00204975941808,0.00137777215329,0.00142972557841,0.0,0.0,0.0,0.0,0.0,0.00232561366492,0.00319496494553,0.00499587454238,0.00347561067679
Lao People's Democratic Republic,0.0,0.0,0.0,0.0,0.0,0.0,0.0,0.0,0.0,0.0,0.0,0.0,0.0,0.0,0.0,0.0,0.0,0.0,0.0,0.0,0.0,0.0,0.0,0.0,0.0,0.0,0.0,0.0
Viet Nam,0.0,0.0,0.0,0.0,0.0,0.0,0.0,0.0,0.0,0.0,0.0,0.0,0.0,0.0,0.0,0.0,0.0,0.0,0.0,0.0,0.0,0.0,0.0,0.0,0.0,0.0,0.0,0.0
Malaysia,0.0203894181709,0.0292850022984,0.0245549122253,0.0255730034933,0.027284507396,0.0294224627001,0.0293367709262,0.0660107045216,0.0322109609713,0.0324418195579,0.0356666416377,0.0,0.0319269691144,0.0315705096195,0.0367909284719,0.0369694294042,0.0435975431218,0.0571603456318,0.0676790661971,0.0613513307196,0.0487561426288,0.0466620553228,0.174304710872,0.0444532916736,0.0481526033677,0.0567406263946,0.0589407421152,0.0548561220331
Singapore,0.0962682999443,0.131817144976,0.149442332838,0.135546717898,0.116621359133,0.130905397907,0.130650101972,0.131452963238,0.132757569022,0.129055724039,0.119457028098,0.113830719714,0.100386805404,0.0932688170092,0.0829915411185,0.0822239628684,0.0816652476428,0.0768661126743,0.0742834346951,0.0807234110189,0.0774817586086,0.0819322093633,0.0849980939115,0.0810199325263,0.086364864459,0.0886636199056,0.0920768033356,0.0927326974754
Brunei Darussalam,0.0629988792179,0.0,0.0,0.0,0.0,0.0,0.0,0.0,0.0,0.0,0.0,0.0,0.0,0.0,0.0,0.0,0.162599411452,0.0832059428099,0.0,0.0,0.0,0.0,0.0,0.0,0.0,0.0,0.000154948511643,0.0799927158395
Philippines,0.00258118827169,0.00256573129812,0.00344335920041,0.0038804754248,0.00510231860692,0.00364232325415,0.00418744166733,0.00451847358775,0.0048547076797,0.00597382364429,0.00561978572459,0.00656416659029,0.00700839341741,0.0065995034055,0.00723554675034,0.00735708185602,0.00820128271667,0.0,0.0065687121482,0.00733765975139,0.00794630355798,0.00700645855361,0.00727341803569,0.00822229886485,0.00778155213253,0.00786473450888,0.00764503616062,0.00652313491454
Indonesia,0.00149141439706,0.00170495027373,0.00170654689323,0.00191721727143,0.00167449280318,0.00231872212255,0.00263895692884,0.00262492142402,0.00356856992021,0.00462915393643,0.00503975522004,0.00422853997213,0.00366689744334,0.00590544040442,0.00529302599705,0.00441040868649,0.00526719927667,0.00508398953705,0.0048692338104,0.00489960778168,0.0055575997973,0.00662248140117,0.00519969422397,0.0054727351254,0.00661348370154,0.00853518231826,0.00807848400089,0.0081224543
Australia,0.0120033830565,0.00371047211725,0.00401213139777,0.00480417072655,0.00431749152777,0.00457506048998,0.00468768624466,0.00479325871736,0.0,0.0,0.00525289324471,0.0,0.0,0.00546775851131,0.0066652262902,0.00750346024199,0.0087108193372,0.011731978302,0.165926167665,0.0101198980402,0.0111356703623,0.014456740096,0.0130201037718,0.0131525513076,0.0128439636611,0.0146846011209,0.0149612240262,0.0163517976509
Papua New Guinea,0.00662891353954,0.00602397367657,0.00567797459158,0.00711846817603,0.00669420888941,0.0,0.0,0.0,0.0,0.0,0.00863181220478,0.0,0.0,0.0,0.00475062871833,0.00480636442558,0.0,0.0,0.0,0.0,0.0,0.0,0.0,0.0,0.0,0.0,0.0,0.0
New Zealand,0.0093418590648,0.0136299943698,0.0144584367056,0.00997004603223,0.0156090202603,0.0186490172553,0.0182412381517,0.0208832108909,0.0230730892227,0.0232372895249,0.0319937447878,0.0226157427714,0.0206772833537,0.0274849675106,0.026475523493,0.0297815559903,0.0324899652021,0.0306274037851,0.0347772519456,0.035787884079,0.0326188283912,0.041426583733,0.0581056350311,0.04533313361,0.0613588803403,0.0461196874733,0.0640002136872,0.0673329090129
Solomon Islands,0.00724336011389,0.00724764152914,0.0,0.0,0.0,0.0,0.0,0.0,0.0,0.0,0.0,0.0,0.0,0.0,0.0,0.0,0.0066379123319,0.00716575286558,0.00758893122158,0.00959022386734,0.0104832920365,0.0112024594442,0.0,0.0,0.0,0.0104690599948,0.0104585343328,0.0108692946207
Fiji,0.0158427574946,0.0171044444913,0.0144079495129,0.018180791147,0.0172103937846,0.0194061368439,0.0,0.0,0.021979372518,0.0,0.0,0.0,0.0,0.0,0.0247420756594,0.0348447065184,0.0242088503397,0.0213997809303,0.0239943849924,0.028233390529,0.0220299558812,0.0233338698179,0.0382229099253,0.0261316680625,0.025758458435,0.027731060737,0.03202225118,0.0342211639138
Samoa,0.0,0.0,0.0,0.0,0.0,0.0,0.0,0.0,0.0,0.0,0.0,0.0,0.0,0.0,0.0,0.0,0.0,0.0,0.0,0.0,0.0,0.0,0.0,0.0,0.0,0.0,0.0,0.0
United States of America,0.00823831,0.00805929,0.00768836,0.00845424,0.00882454,0.00889555,0.00956358,0.01006268,0.01108633,0.01074865,0.0119252,0.01292528,0.01314357,0.0133529,0.0150924,0.01545101,0.01426461,0.01450708,0.0152139,0.01558105,0.01685462,0.01760395,0.01784432,0.01585633,0.01623488,0.01705512,0.01768509,0.0188359
Republic of Korea, 0.01931462,0.02365803,0.02450449,0.02653281,0.02552021,0.02326897,0.0342968 ,0.03480099,0.03574327,0.03868191,0.04009268,0,0.0370833 ,0.03630331,0.04043814,0.04047288,0.0424411 ,0.04214161,0.04115596,0.04214275,0.04263215,0.04415799,0.04681453,0.04326869,0.04787892,0.04878635,0.05240197,0.0525983
Taiwan,0.03658092,0.04081226,0.04203118,0.0383873,0.04268527,0.04594147,0.04732661,0.04784809,0.05126939,0.05365086,0.05275112,0.05251578,0.04527486,0.04736557,0.04807511,0.04860548,0.04963773,0.04899106,0.04784929,0.05017404,0.04858392,0,0,0.04483205,0.04775738,0.04525221,0.04632563,0.04391704
Venezuela,0.01310992,0.01698964,0.02244415,0.01266295,0.01152342,0.01315181,0.01639811,0.01629934,0.01349128,0.01579481,0.0130399,0.01397769,0.01571499,0.01550788,0.01650138,0.01583345,0.01165881,0.01324285,0.01505193,0.01246625,0.01502637,0.01746316,0.0226758,0.0211421,0.0238134,0.02074221,0.02386662,0.02522016
Bolivia,0,0,0.00279318,0.00370925,0.00219128,0.00337088,0,0.00312582,0.00326397,0.00300953,0.00306139,0.00332266,0.00359036,0.00596472,0.00799699,0.00699347,0.008019,0.0073386,0.00588818,0.00586048,0.00611339,0.00716329,0.0054973,0.00506647,0.00450194,0.0059888,0.00500631,0.00513868
Iran,0,0,0,0,0,0,0,0,0,0,0,0.01359012,0.00938859,0.01391604,0.01584912,0.01581775,0.01189743,0.01060286,0.00906821,0.00968416,0,0,0,0,0.01627034,0,0,0  
Moldova,0,0,0,0,0,0,0,0,3.38185006e-03,5.38106001e-03,4.98472617e-03,4.02265197e-03,2.50627258e-06,1.37189606e-03,2.87711301e-03,4.45525639e-03,6.99036937e-03,1.04816110e-02,7.55584947e-03,7.75776318e-03,6.95207180e-03,1.01323871e-02,1.21939719e-02,9.68141834e-03,1.05761392e-02,1.02229010e-02,1.11720813e-02,1.08404981e-02  
Macedonia,0,0,0,0,0,0,0,0,0,0,0,0,0,0.02055451,0.02242948,0.02004227,0.02528984,0.02146513,0.02365932,0.02286941,0.02041879,0,0.01750437,0.02527121,0.02550152,0.02641942,0.02997848,0.026798  
Germany,0,0,0,0,0,0.04341384,0.04521982,0.0403466,0.04152516,0.03859537,0.04117779,0.03884953,0.04067629,0.04170723,0.04482631,0.04587509,0.04883006,0.0505589,0.05062015,0.05297291,0.05759291,0.0631455,0.06546777,0.06829354,0.07119762,0.07668887,0.07924478,0.0779265  
Czech Republic,0,0,0,0,0,0,0,0.01630576,0.01530742,0.01799448,0.02078092,0.02160185,0.02161412,0.02115749,0.02329015,0.0242726,0.02550943,0.02867442,0.03163686,0.03451161,0.03917195,0.03966027,0.04041507,0.04279142,0.0464742,0.04605485,0.04935805,0.04831737
United Kingdom,0.0264972,0.02884307,0.0288816,0.02844295,0.02964111,0.03083791,0.03326111,0.03186585,0.03419157,0.03320436,0.03344114,0.03332487,0.03550829,0.03590447,0.03671506,0.0402418,0.03943767,0.0423986,0.04329534,0.04519881,0.04419134,0.04498305,0.04508611,0.04274043,0.04327908,0.04282189,0.04469693,0.04901869
China,0,0.00140938,0.00145906,0.00150133,0.0012725,0.00117252,0.00102712,0.000676,0.00105645,0.00195078,0.00136499,0.00114851,0.00116945,0.00119165,0.00166234,0.001916,0.00170892,0.00240035,0.00311636,0.00328553,0.00356224,0.00358298,0.00382297,0.00476403,0.00586661,0.00577773,0.00707449,0.00767504
Hong Kong,0.11548002,0.11632791,0.11841639,0.11881333,0.11674108,0.12110216,0.11958875,0.11138244,0.12160048,0.1249121,0.12240351,0.12736858,0.12454337,0.11378077,0.11422655,0.12122888,0.11446465,0.10914904,0.10545481,0.0993704,0.09783677,0.10175892,0.10816727,0.11199148,0.1161751,0.1228696,0.11803882,0.181574254
Greenland,0.06386437,0,0.06472835,0.05900443,0.04917523,0.05190579,0.05111316,0.04145994,0.03912173,0.03369117,0,0.04148026,0.04436795,0.04893151,0.04283445,0.03469438,0,0,0,0,0,0,0,0,0,0,0,0.0557598
Congo,0,0,0,0,0,0,0,0.00457337,0.00396614,0,0,0,0,0,0,0,0,0,0,0.00427181,0,0,0.00391431,0.00691426,0.00617319,0,0.00608441,0.00786829